47 21 43 52 55 19
3 3 7 6 5 1
57 19 45 58 31 38
1 1 5 1 9 9
12 50 35 59 24 12 59 28
8 5 5 1 6 8 1 4
59 10 44 21 27 19 54 33
1 5 8 3 9 1 9 9
37 21 34 32 31 44 50 39 16
7 3 3 4 9 8 5 3 8
2868 2542 4934 3370 5278
2 9 7 5 1
3616 5407 1229 3684 4205 5172 4126 4936 5620
8 3 9 6 5 8 7 8 0
2345 3367 1588 1546 2058 1397 1039 5191 3324
5 3 4 7 3 7 1 9 6
3094 3463 2883 1860 5985 4509
3 7 1 0 5 7
1074 1327 4179 4407 4911 2622 5185 5446 3796 1544
9 3 3 9 7 7 5 7 8 8
2521575 4753905 1977521 1652730 2191223 2618521 1121128 2010681 4440913 4159546
5 5 1 5 7 1 4 3 3 7
2404818 2924263 4853171 4676470 4903799 4381248 2616404 5150737
3 7 9 5 1 2 8 7
1563569 1411940 2648900 5547060 4838359 3731064 4950489 3758505
9 0 0 0 1 6 7 5
3486720 5699348 5738938 1567488 5035351
0 6 1 2 9
5695808 5474120 3877831 2075691 1050940 2298448
6 0 9 7 0 4
1154825664 1715873389 1435862349 1123390274 1258363378 1004535104 1755347500 1159969184 1189488356
6 9 7 7 1 8 0 8 2
1269428750 1219566958 1275701235 1024799672 1556899525
5 1 5 4 5
1781060750 1220024794 1737919000 1633784584 1198529869 1297993750 1126250290 1130604496 1016086114
5 3 0 2 9 5 5 8 3
1022272088 1394318368 1095320695 1509615249 1572775450 1538873930 1261587466 1683250204 1143754268
6 4 5 7 5 5 7 2 6
1474229872 1028627687 1021122582 1122487540 1455748614 1318270672 1348781658
6 3 7 0 9 6 3
